 178.046000 -38.411450 -5.55 23.54 0.00 1 1 2 AHTI
 176.461220 -40.539810 -26.81 27.50 -4.16 1 1 2 AKTO
 178.291220 -38.268210 -8.67 22.75 0.00 1 1 2 ANAU
 174.834390 -36.602840 4.18 39.43 -1.10 1 1 2 AUCK
 174.7704 -36.8438 3.956162899 38.0237123 0 1 1 2 AUKT
 174.932860 -41.196440 -24.72 33.92 -3.76 1 1 2 AVLN
 176.063170 -39.489180 -4.99 29.33 -1.00 1 1 2 BHST
 176.246110 -40.679770 -28.11 29.92 -5.37 1 1 2 BIRF
 175.136540 -41.340490 -31.33 30.98 -4.29 1 1 2 BTHL
 176.201560 -40.909820 -28.55 29.30 -3.75 1 1 2 CAST
 177.076350 -39.657870 -10.89 25.43 2.31 1 1 2 CKID
 175.145470 -41.144670 -26.35 32.93 -4.05 1 1 2 CLIM
 174.213820 -41.749020 -24.43 32.38 -0.40 1 1 2 CMBL
 178.211140 -38.487970 -16.99 24.27 3.76 1 1 2 CNST
 175.749560 -36.865430 4.43 38.94 -1.10 1 1 2 CORM
 176.166660 -40.298860 -20.39 30.78 -6.21 1 1 2 DNVK
 173.921590 -40.801760 -9.91 40.50 -1.00 1 1 2 DURV
 177.409870 -38.939300 -2.93 22.21 -3.10 1 1 2 FRTN
 177.886030 -38.635340 -7.91 23.60 0.40 1 1 2 GISB
 172.529560 -40.826600 -2.24 42.81 -1.81 1 1 2 GLDB
 173.821857 -41.857233 -21.46 35.32 -0.11 1 1 2 GLOK
 175.238130 -40.080340 -11.46 34.27 -2.00 1 1 2 GNBK
 175.459260 -39.976250 -11.52 33.56 -0.18 1 1 2 GRNG
 175.109200 -37.806760 2.24 39.23 -0.52 1 1 2 HAMT
 177.569370 -38.686820 -1.86 22.50 -0.22 1 1 2 HANA
 172.792790 -42.552840 -23.29 34.06 -1.01 1 1 2 HANM
 176.726560 -39.617030 -11.55 26.42 -5.51 1 1 2 HAST
 178.303350 -37.561040 6.75 20.23 -1.05 1 1 2 HIKB
 175.515190 -40.897250 -24.31 30.83 -4.78 1 1 2 HOLD
 176.876280 -39.793750 -17.17 27.90 -2.58 1 1 2 KAHU
 174.909760 -40.860900 -18.94 34.81 -6.04 1 1 2 KAPT
 176.422770 -39.424040 -3.08 24.52 -3.57 1 1 2 KAWK
 176.370140 -39.643160 -8.73 25.37 -6.75 1 1 2 KERE
 177.667790 -39.016110 -13.33 20.73 1.02 1 1 2 KOKO
 175.424060 -40.409330 -19.27 31.84 -4.58 1 1 2 KORO
 173.273110 -35.068933  6.13 41.33 -1.24 1 1 2 KTIA
 177.069760 -39.172260 -5.21 24.42 -2.37 1 1 2 KUTA
 175.240640 -40.588780 -20.15 32.48 -6.12 1 1 2 LEVN
 176.936730 -39.332320 -7.89 23.53 -4.81 1 1 2 LEYL
 172.266330 -42.783370 -23.07 33.32 0.76 1 1 2 LKTA
 173.48244  -42.01157  -20.32 34.71 -1.1 1 1 2 LOOK
 173.793820 -41.291390 -13.13 38.74 -0.33 1 1 2 MAHA
 177.907000 -39.152560 -23.07 24.66 -1.30 1 1 2 MAHI
 174.854090 -38.513010 0.56 39.75 -0.93 1 1 2 MAHO
 178.129120 -38.643760 -22.92 23.87 2.09 1 1 2 MAKO
 175.574870 -40.668700 -22.83 32.37 -4.96 1 1 2 MANG
 177.526200 -38.333850 2.52 22.22 0.84 1 1 2 MATW
 176.696550 -39.444190 -7.29 24.73 -7.26 1 1 2 MCNL
 176.749730 -38.616860 3.99 26.25 0.00 1 1 2 MING
 176.028830 -39.703380 -9.46 28.38 -4.90 1 1 2 MKNO
 176.223380 -40.468650 -24.52 29.41 -5.17 1 1 2 MNHR
 172.775200 -42.661760 -25.92 32.89 -2.25 1 1 2 MRBL
 175.536150 -40.181360 -14.86 31.12 -4.45 1 1 2 MTBL
 175.241360 -41.001580 -24.55 33.38 -5.19 1 1 2 MTQN
 173.433730 -41.183510 -8.94 40.99 -1.93 1 1 2 NLSN
 176.806620 -39.097040 -0.33 23.48 -1.09 1 1 2 NMAI
 174.118170 -39.182560 -0.51 40.51 -1.84 1 1 2 NPLY
 175.761340 -40.385440 -20.74 31.21 -8.27 1 1 2 NRRD
 176.200040 -40.113320 -16.93 33.06 -6.22 1 1 2 NRSW
 175.790680 -39.918290 -13.17 29.62 -4.45 1 1 2 OHIN
 174.060280 -41.019260 -13.67 38.19 -0.43 1 1 2 OKOH
 177.307580 -38.046520 4.30 24.27 -1.82 1 1 2 OPTK
 176.680670 -40.104360 -20.03 27.79 0.22 1 1 2 OROA
 175.170410 -40.816550 -21.76 34.25 -5.20 1 1 2 OTAK
 174.952080 -41.021770 -22.30 35.09 -4.61 1 1 2 PAEK
 178.082600 -37.893980 5.19 22.09 2.79 1 1 2 PAKI
 175.254780 -41.569230 -33.40 30.60 -4.78 1 1 2 PALI
 177.883280 -38.922570 -17.51 23.66 -2.18 1 1 2 PARI
 175.426940 -41.381550 -33.00 30.57 -5.13 1 1 2 PARW
 176.863880 -40.033080 -18.91 26.24 1.27 1 1 2 PAWA
 175.181930 -39.804770 -7.85 40.78 3.16 1 1 2 PKNO
 176.200460 -39.916780 -14.65 29.47 -9.47 1 1 2 PNUI
 176.635220 -40.266380 -19.57 26.14 -2.68 1 1 2 PORA
 177.697880 -38.814190 -10.34 21.51 3.45 1 1 2 PRTU
 175.999270 -40.601060 -25.66 29.88 -5.06 1 1 2 PTOI
 178.257360 -38.071410 6.87 19.46 0.88 1 1 2 PUKE
 177.086050 -38.916180 -0.89 23.81 -2.56 1 1 2 RAHI
 176.621160 -39.747200 -14.66 25.90 -4.78 1 1 2 RAKW
 177.677530 -37.965000 3.69 22.31 0.45 1 1 2 RAUM
 177.415400 -38.495560 1.13 22.83 0.17 1 1 2 RAWI
 175.404350 -41.186920 -29.76 30.18 -4.50 1 1 2 RDLV
 176.343 -38.562 3.368749484 31.56241306 0 1 1 2 RGAR
 176.8962 -38.0032 7.536372324 24.34505232 0 1 1 2 RGAW
 176.3659 -38.0937 3.14 34.49 0.04 1 1 2 RGHD
 176.3523 -38.2519 3.522858628 32.13996429 0 1 1 2 RGHL
 176.288 -38.3858 3.098845534 33.35013298 0 1 1 2 RGHR
 176.2441 -38.0201 4.760066373 34.42737969 0 1 1 2 RGKA
 176.7728 -38.0525 4.186339525 26.08083155 0 1 1 2 RGKW
 176.3857 -38.0033 4.441046564 32.89234753 0 1 1 2 RGLI
 176.4671 -38.1383 4.147610846 26.08292396 0 1 1 2 RGMK
 176.7247 -37.9154 5.177737073 30.33248761 0 1 1 2 RGMT
 176.2323 -38.2566 7.854509598 31.28796961 0 1 1 2 RGON
 176.5563 -37.8459 2.561081448 34.70996059 0 1 1 2 RGOP
 176.5212 -38.0573 3.132875227 30.88982224 0 1 1 2 RGRE
 176.5146 -38.3389 3.269731515 31.03943954 0 1 1 2 RGRR
 176.5061 -38.2338 1.083869132 32.00077332 0 1 1 2 RGTA
 176.1942 -38.1766 8.350795642 32.59062725 0 1 1 2 RGUT
 177.1778 -37.5181 10.3358024 24.10494482 0 1 1 2 RGWI
 176.2109 -38.3526 3.746068822 33.23725422 0 1 1 2 RGWV 
 176.492510 -39.165520 -0.19 25.92 -0.18 1 1 2 RIPA
 174.137292 -41.663821 -20.45 34.26 -0.53 1 1 2 SEDD
 177.347490 -38.779630 -2.39 23.11 -3.49 1 1 2 SNST
 175.962920 -40.061560 -16.78 31.74 -8.41 1 1 2 TAKP
 176.080990 -38.742720 4.66 31.05 0.00 1 1 2 TAUP
 178.005880 -38.162420 1.93 19.66 3.30 1 1 2 TAUW
 175.890460 -41.106570 -29.22 28.99 -3.46 1 1 2 TEMA
 175.711912 -38.678112  1.505215999 35.59039939 0 1 1 2 TGHR
 176.047469 -38.845840 3.509328076 29.88910105 0 1 1 2 TGOH
 175.770146 -38.863370 1.072083439 35.68578304 0 1 1 2 TGRA
 175.858493 -38.977129 1.262372632 31.61917077 0 1 1 2 TGRI
 175.810832 -38.611033 1.609524821 35.45189933 0 1 1 2 TGTK
 175.93904 -38.67344 2.13519701 33.7235651 0 1 1 2 TGWH 
 175.785600 -39.682490 -8.13 32.14 -1.17 1 1 2 THAP
 175.885670 -40.776030 -26.98 29.92 -6.23 1 1 2 TINT
 177.811440 -38.437470 0.91 20.36 -1.07 1 1 2 TKAR
 172.960490 -41.033690 -4.75 42.39 -2.56 1 1 2 TKHL
 174.280080 -41.191580 -15.53 36.93 -3.02 1 1 2 TORY
 175.687910 -41.398000 -33.51 30.15 -5.17 1 1 2 TRAV
 176.260880 -37.728810 4.80 36.71 0.00 1 1 2 TRNG
 174.627650 -41.278050 -23.41 35.79 -3.57 1 1 2 TRWH
 176.382560 -40.264980 -19.32 29.62 -2.17 1 1 2 TURI
 175.5525 -39.255 -0.68 38.86 -0.54 1 1 2 VGFW
 175.6413 -39.0944 0.59 36.47 -1.36 1 1 2 VGKR
 175.754301 -39.407405 -2.31 35.51 0.96 1 1 2 VGMO
 175.470460 -39.384580 1.74 34.68 0.00 1 1 2 VGMT
 175.542240 -39.199840 0.54 39.04 -0.75 1 1 2 VGOB
 175.665139 -39.163066 1.828320474 34.90383812 0.00 1 1 2 VGOT
 175.346407 -39.289274 1.848627179 35.06173212 0.00 1 1 2 VGPK
 175.548312 -39.298416 1.565309218 34.74337445 0.00 1 1 2 VGTR
 175.608943 -39.277260 2.140881726 34.65499362 0.00 1 1 2 VGTS
 175.588984 -39.282405 2.146023405 35.03480229 0.00 1 1 2 VGWH
 175.597860 -39.326930 1.53 33.87 0.00 1 1 2 VGWN
 175.589695 -39.115141 2.744312435 32.0547637 0.00 1 1 2 VGWT
 177.234410 -39.077210 -4.21 25.55 -2.10 1 1 2 WAHU
 174.821450 -39.786880 -5.57 39.81 -0.09 1 1 2 WANG
 174.662780 -36.434410 4.34 39.87 -1.47 1 1 2 WARK
 174.805890 -41.323460 -24.72 33.88 -3.85 1 1 2 WGTN
 174.781600 -41.290440 -23.57 34.43 -4.80 1 1 2 WGTT
 177.013880 -37.981690 7.91 23.95 0.00 1 1 2 WHKT
 174.314570 -35.803770 6.63 38.24 0.00 1 1 2 WHNG
 175.451740 -39.730100 -7.09 39.64 2.19 1 1 2 WHVR
 173.984250 -41.560640 -15.46 37.28 -1.19 1 1 2 WITH
 178.408700 -37.825000 2.67 19.64 -0.97 1 1 2 WMAT
 176.543010 -39.895880 -15.85 28.09 -7.70 1 1 2 WPAW
 176.440600 -40.064210 -17.94 30.60 -6.04 1 1 2 WPUK
 173.586158 -41.595006 -9.84 39.66 -1 1 1 2 WRAU
 175.583233 -41.062569 -27.42 29.61 -5.48 1 1 2 WRPA
