> Z"3 km"
179.6260162601626 -37.67828843106181
179.39837398373984 -37.9635499207607
179.2520325203252 -38.223454833597465
179.1219512195122 -38.49603803486529
178.97560975609755 -38.76862123613312
178.86178861788616 -39.003169572107765
178.7479674796748 -39.282091917591124
178.65040650406505 -39.54199683042789
178.5528455284553 -39.808240887480196
178.4552845528455 -40.080824088748024
178.3252032520325 -40.35974643423138
178.16260162601625 -40.60063391442156
177.9512195121951 -40.81616481774961
177.71544715447155 -41.038034865293184
177.4308943089431 -41.20919175911252
177.1219512195122 -41.361331220285265
176.79674796747966 -41.50713153724247
176.46341463414635 -41.652931854199686
176.16260162601625 -41.729001584786054
175.84552845528455 -41.849445324881145
> X"6 km"
179.4471544715447 -37.57686212361332
179.33333333333334 -37.77337559429477
179.17073170731706 -38.026941362916006
179.0162601626016 -38.28684627575277
178.8780487804878 -38.48335974643423
178.6341463414634 -38.908082408874805
178.5121951219512 -39.193343898573694
178.390243902439 -39.43423137876387
178.27642276422765 -39.64976228209192
178.10569105691056 -39.966719492868464
177.9349593495935 -40.264659270998415
177.8048780487805 -40.43581616481775
177.60975609756096 -40.64500792393027
177.3739837398374 -40.873217115689386
177.0813008130081 -41.05705229793978
176.79674796747966 -41.234548335974644
176.46341463414635 -41.39936608557845
176.1951219512195 -41.51980982567353
175.8130081300813 -41.652931854199686
175.47967479674796 -41.74801901743265
175.21138211382114 -41.849445324881145
> X"9 km"
179.3170731707317 -37.49445324881141
179.1869918699187 -37.68462757527734
179.04878048780486 -37.931854199683045
178.85365853658536 -38.19175911251981
178.67479674796746 -38.45800316957211
178.5691056910569 -38.635499207606976
178.3658536585366 -38.97147385103011
178.28455284552845 -39.14263074484945
178.14634146341464 -39.33914421553091
178.02439024390245 -39.53565768621236
177.9268292682927 -39.71315372424723
177.7479674796748 -39.99207606973059
177.5691056910569 -40.24564183835182
177.41463414634146 -40.42313787638669
177.2032520325203 -40.60697305863709
177.04065040650406 -40.752773375594295
176.70731707317074 -41
176.5040650406504 -41.11410459587956
176.23577235772356 -41.278922345483366
176.0081300813008 -41.39936608557845
175.7560975609756 -41.51980982567353
175.48780487804876 -41.62123613312203
175.2439024390244 -41.69096671949287
175.0569105691057 -41.75435816164818
174.91056910569105 -41.849445324881145
> X"12 km"
179.17073170731706 -37.41838351822504
179.02439024390245 -37.66561014263075
178.9268292682927 -37.81141045958796
178.78861788617886 -38.014263074484944
178.6341463414634 -38.20443740095087
178.48780487804876 -38.432646592709986
178.35772357723576 -38.60380348652932
178.1788617886179 -38.89540412044374
177.9430894308943 -39.22503961965135
177.78861788617886 -39.42789223454834
177.6422764227642 -39.61806656101427
177.5609756097561 -39.75118858954041
177.4471544715447 -39.896988906497626
177.3089430894309 -40.11885895404121
177.15447154471545 -40.264659270998415
176.9349593495935 -40.461172741679874
176.72357723577235 -40.664025356576865
176.52845528455285 -40.85419968304279
176.1951219512195 -41.076069730586376
175.8130081300813 -41.2852614896989
175.5528455284553 -41.437400950871634
175.5528455284553 -41.437400950871634
175.3252032520325 -41.532488114104595
174.9430894308943 -41.66561014263075
174.7479674796748 -41.78605388272584
174.65040650406505 -41.855784469096676
> X"15 km"
179.03252032520325 -37.361331220285265
178.84552845528455 -37.66561014263075
178.7073170731707 -37.86846275752774
178.54471544715446 -38.07131537242473
178.390243902439 -38.24247226624406
178.23577235772356 -38.47068145800317
178.08943089430895 -38.67987321711569
177.7642276422764 -39.09825673534073
177.53658536585365 -39.3581616481775
177.34959349593495 -39.592709984152144
177.23577235772356 -39.776545166402535
177.04878048780486 -40.01109350237718
176.79674796747966 -40.24564183835182
176.52845528455285 -40.52456418383518
176.34146341463415 -40.71473851030111
176.1138211382114 -40.866877971473855
175.78861788617886 -41.10776545166403
175.59349593495935 -41.22820919175911
175.260162601626 -41.4310618066561
174.91056910569105 -41.570522979397786
174.6260162601626 -41.729001584786054
174.53658536585365 -41.77971473851031
174.4390243902439 -41.849445324881145
> X"20 km"
178.83739837398375 -37.240887480190175
178.71544715447155 -37.443740095087165
178.59349593495935 -37.652931854199686
178.40650406504065 -37.86212361331221
178.1788617886179 -38.128367670364504
177.96747967479675 -38.40095087163233
177.7560975609756 -38.68621236133122
177.5691056910569 -38.88272583201268
177.40650406504065 -39.06656101426308
177.23577235772356 -39.25039619651347
177.03252032520325 -39.51664025356577
176.8780487804878 -39.681458003169574
176.7479674796748 -39.85895404120444
176.5609756097561 -40.0554675118859
176.4390243902439 -40.20126782884311
176.27642276422765 -40.36608557844691
176.0569105691057 -40.56259904912837
175.79674796747966 -40.765451664025356
175.5528455284553 -40.961965134706816
175.35772357723576 -41.11410459587956
175.14634146341464 -41.25990491283677
174.7642276422764 -41.450079239302696
174.5040650406504 -41.58954041204438
174.3008130081301 -41.722662440570524
174.17073170731706 -41.77971473851031
174.0569105691057 -41.855784469096676
> X"27 km"
178.6422764227642 -37.1014263074485
178.5040650406504 -37.32963549920761
178.3821138211382 -37.526148969889064
178.2520325203252 -37.68462757527734
178.10569105691056 -37.855784469096676
177.9430894308943 -38.052297939778136
177.8130081300813 -38.19809825673534
177.60975609756096 -38.45800316957211
177.5040650406504 -38.61014263074485
177.34146341463415 -38.77496038034865
177.14634146341464 -38.98415213946117
177.0081300813008 -39.15530903328051
176.8943089430894 -39.29477020602219
176.7642276422764 -39.45324881141046
176.58536585365854 -39.65610142630745
176.4471544715447 -39.82091917591126
176.3089430894309 -39.9540412044374
176.1951219512195 -40.10618066561015
176.03252032520325 -40.25198098256735
175.8130081300813 -40.461172741679874
175.67479674796746 -40.56259904912837
175.5040650406504 -40.68938193343899
175.35772357723576 -40.80982567353408
175.15447154471545 -40.968304278922346
174.9268292682927 -41.10776545166403
174.58536585365854 -41.2852614896989
174.35772357723576 -41.41838351822504
174.08943089430895 -41.570522979397786
173.8211382113821 -41.69096671949287
173.6260162601626 -41.77337559429477
173.5121951219512 -41.849445324881145
> X"35 km"
178.46341463414635 -37
178.34146341463415 -37.20919175911252
178.1951219512195 -37.4310618066561
178.03252032520325 -37.6148969889065
177.8292682926829 -37.87480190174327
177.6341463414634 -38.07131537242473
177.4552845528455 -38.31854199683043
177.3089430894309 -38.53407290015848
177.09756097560975 -38.73692551505547
176.90243902439025 -38.94611727416799
176.6910569105691 -39.193343898573694
176.47154471544715 -39.45958795562599
176.28455284552845 -39.694136291600636
176.0162601626016 -39.966719492868464
175.7560975609756 -40.22662440570523
175.41463414634146 -40.51188589540412
175.1382113821138 -40.72741679873217
174.71544715447155 -41
174.47967479674796 -41.12044374009509
174.08943089430895 -41.33597464342314
173.739837398374 -41.50713153724247
173.5121951219512 -41.6148969889065
173.41463414634146 -41.66561014263075
> X"50 km"
178.10569105691056 -36.99366085578447
177.98373983739836 -37.17749603803487
177.83739837398375 -37.361331220285265
177.7479674796748 -37.46275752773376
177.58536585365854 -37.633914421553094
177.4552845528455 -37.80507131537243
177.3089430894309 -37.96988906497623
177.1951219512195 -38.128367670364504
177.0162601626016 -38.36291600633915
176.8292682926829 -38.54041204437401
176.6829268292683 -38.711568938193345
176.5040650406504 -38.908082408874805
176.3739837398374 -39.08557844690967
176.1869918699187 -39.307448494453254
175.9512195121951 -39.56101426307449
175.78048780487805 -39.75118858954041
175.58536585365854 -39.94136291600634
175.33333333333334 -40.16323296354992
175.10569105691056 -40.35340729001585
174.8861788617886 -40.51822503961965
174.6341463414634 -40.70839936608558
174.08943089430895 -40.97464342313788
173.77235772357724 -41.17115689381934
173.5772357723577 -41.25990491283677
173.40650406504065 -41.32329635499208
> X"70 km"
177.67479674796746 -36.99366085578447
177.53658536585365 -37.17749603803487
177.39837398373984 -37.29793977812996
177.3089430894309 -37.42472266244057
177.1138211382114 -37.633914421553094
176.97560975609755 -37.81774960380349
176.8292682926829 -37.98890649762282
176.6991869918699 -38.18541996830428
176.52032520325204 -38.36925515055468
176.3658536585366 -38.53407290015848
176.2439024390244 -38.67353407290016
176.0813008130081 -38.83835182250397
175.9430894308943 -39.04120443740095
175.739837398374 -39.275752773375594
175.5528455284553 -39.45324881141046
175.39837398373984 -39.63708399366086
175.21138211382114 -39.801901743264665
174.9918699186992 -39.99841521394612
174.7479674796748 -40.188589540412046
174.5609756097561 -40.32805071315373
174.390243902439 -40.461172741679874
174.1951219512195 -40.56259904912837
173.9512195121951 -40.670364500792395
173.70731707317074 -40.81616481774961
173.52032520325204 -40.91125198098257
173.39837398373984 -40.99366085578447
